# MIMAC Fab6
#
#
#
# all times are in minutes
#
# Problems in data set:
#  - batch ids in text files lead to only jobs with the same operation being batchable together
#

# number of machine groups
104

# number of routes
9

#
# machine orders <machine number(s)>;<setup state> (no space after or before comma/semicolon)
#

# route B5C: 331 operations
102	31	15	72	23	72	99	43	33	45	71	59	69	73	72	91	97	74	59	81	31	18	95	61;I1502	30	20	72	56	86	74	72	72	30	62;I2002	30	21	81	30	4	85	31	15	72	81	31	15	95	23	72	99	43	33	45	71	59	69	73	72	62;I2321	91	97	74	59	31	16	72	81	86	74	72	30	43	33	45	71	62;I2135	91	97	74	31	17	72	81	31	15	72	22	72	23	72	99	43	33	45	71	59	6;T0408	73	72	63	97	74	59	94	31	16	72	57	36	73	31	43	33	45	71	47	61;I1339	63	97	74	30	17	72	81	72	31	15	18	95	62;I2112	43	33	45	71	62;I2106	31	91	97	74	57	31	18	95	22	72	25	82	88	94	30	13	95	99	43	33	45	71	59	67	73	32	63	53	74	59	62;I2078	43	33	45	71	62;I2355	63	97	74	30	11	95	13	72	99	21	72	6;T0422	72	63	30	11	95	43	33	45	71	59	61;I1572	63	97	74	43	33	45	71	59	61;I1201	63	97	74	30	13	95	99	22	72	61;I1343	43	33	45	71	59	61;I1333	63	97	74	94	30	11	95	82	43	33	45	71	59	67	73	53	74	59	30	104	72	26	43	33	45	71	59	72	36	72	6;T0809	73	63	97	74	59	6;T0407	30	78	51	48	100	43	33	45	71	59	5;T0303	63	93	36	73	93	59	9	75	46	73	72	68	72	10	43	33	45	45	71	59	72	84	72	6;T0701	73	63	73	96	59	59	48	100	43	33	45	71	59	5;T0302	63	93	36	73	93	59	75	9	43	33	45	71	6;T0420	73	63	73	45	75	43	49	40	50	87	60	65;P1106	66

# route B6HF: 355 operations
102	31	19	72	43	35	45	71	59	80	91	97	74	59	31	18	95	61;I1524	30	20	72	81	31	4	85	31	15	72	43	35	45	71	59	62;I2084	63	97	74	30	17	72	81	30	15	72	22	72	23	72	43	35	45	71	59	6;T0408	73	72	63	97	74	59	94	31	16	72	57	36	73	72	31	14	72	81	72	31	18	95	43	35	45	71	47	59	61;I1302	63	97	74	30	26	56	32	32	31	27	95	32	32	27	95	24	95	43	35	45	71	59	80	32	63	53	74	57	72	32	30	22	72	61;I1125	30	43	35	45	71	59	61;I1105	63	97	74	30	12	95	13	72	43	35	45	71	59	6;T0806	63	97	74	30	67	53	59	30	12	95	32	32	94	30	43	35	45	71	59	61;I1244	62;I2736	62;I2436	91	97	74	30	43	35	45	71	59	61;I1165	91	97	74	30	28	30	57	32	32	30	13	95	12	23	95	22	72	94	30	67	32	30	81	30	36	32	30	54	32	32	58	22	72	61;I1573	30	43	35	45	71	45	59	67	72	63	53	74	59	30	104	72	26	72	89	72	63	28	102	30	43	34	45	71	59	72	6;T0406	73	72	72	63	97	73	59	68	93	78	93	48	43	34	45	71	59	93	96	63	73	59	9	46	73	72	68	72	10	72	93	75	43	34	45	71	59	6;T0708	73	6;T0517	96	59	59	93	48	43	34	45	71	59	93	96	63	73	59	9	46	73	72	68	72	10	72	43	34	45	71	59	6;T0708	73	6;T0517	96	59	59	93	48	43	34	45	71	59	93	96	63	73	59	75	9	43	35	45	71	6;T0420	73	6;T0517	96	75	43	49	40	50	87	65;P1101	3	3	3	48	72	48	48	72	48	48	72	41	86	32	90	90	90

# route C4PH: 234 operations
102	31	19	72	43	33	45	71	62;I2170	79	91	97	74	31	14	95	43	33	45	71	62;I2346	91	97	74	31	17	72	81	31	14	72	22	72	23	72	43	33	45	71	59	6;T0401	73	72	63	97	74	59	43	33	45	71	62;I2172	63	97	74	94	31	16	72	81	36	73	31	14	72	81	31	15	95	62;I2019	43	33	45	71	62;I2401	62;I2042	91	97	74	81	31	18	95	22	72	25	82	88	94	53	43	33	45	71	59	67	73	32	63	53	74	59	81	30	11	95	43	33	45	71	62;I2392	63	97	74	30	11	95	13	72	21	72	6;T0403	72	30	11	95	43	33	45	71	61;I1503	63	97	74	30	11	95	43	33	45	71	61;I1209	63	97	74	30	104	72	94	30	25	82	53	43	33	45	71	59	72	36	72	6;T0402	73	63	97	74	59	30	48	100	43	33	45	71	59	5;T0301	63	93	36	93	73	59	93	10	72	43	33	45	71	44	71	6;T0701	73	63	73	93	48	100	43	33	45	71	59	5;T0302	63	93	36	93	73	59	93	75	9	93	43	33	45	71	6;T0420	73	52	63	73	41	33	42	71	37	63	49	40	50	52	64;P1201

# route C5F: 322 operations
102	31	15	72	81	31	15	72	23	72	99	43	33	45	71	69	73	72	62;I2733	91	97	74	31	16	72	81	86	74	72	30	43	33	45	71	62;I2135	91	97	74	31	17	72	81	31	15	72	22	72	23	72	99	43	33	45	71	59	6;T0408	73	72	63	97	74	59	94	31	16	72	57	36	73	31	17	72	81	72	31	18	95	43	33	45	71	62;I2109	91	97	74	43	33	45	71	59	62;I2303	53	74	43	33	45	71	59	79	72	62;I2179	53	74	30	11	57	31	18	95	43	33	45	71	59	79	62;I2145	91	97	74	31	18	95	22	72	25	82	88	94	30	11	95	95	31	24	95	43	33	45	71	6;T0411	55	53	74	31	15	81	31	18	95	22	72	25	82	88	30	94	43	33	45	71	59	67	73	55	63	97	74	59	55	43	33	45	71	59	67	6;T0411	6;T0432	62;I2371	55	53	74	59	30	11	95	43	33	45	71	62;I2336	63	97	74	30	11	95	13	72	99	72	6;T0437	72	63	30	11	95	43	33	45	71	61;I1503	67	73	32	63	97	74	30	43	33	45	71	61;I1201	63	97	74	30	11	104	72	26	82	72	30	43	33	45	71	59	72	36	72	68	63	97	74	59	68	30	78	51	48	100	43	33	45	71	59	5;T0303	63	93	36	73	93	59	9	46	73	72	68	72	10	43	33	45	45	71	59	72	84	72	6;T0701	73	63	73	96	59	59	48	100	43	33	45	71	59	5;T0302	63	93	36	73	93	59	75	9	43	33	45	71	6;T0420	73	63	73	45	75	43	49	50	87	65;P1101	39	67	73

# route C5P: 247 operations
102	31	15	72	81	31	15	72	23	72	99	43	33	45	71	69	73	72	62;I2321	91	97	74	31	16	72	81	86	74	72	30	62;I2135	31	17	72	81	31	15	72	22	72	23	72	99	43	33	45	71	59	6;T0408	73	72	63	97	74	59	94	31	16	72	57	36	73	31	17	72	81	72	31	18	95	62;I2113	43	33	45	71	62;I2103	91	97	74	31	15	57	31	18	95	22	72	25	82	88	94	30	43	33	45	71	59	67	73	55	63	97	74	59	30	11	95	43	33	45	71	61;I1304	63	97	74	30	11	95	13	72	99	72	6;T0437	72	63	30	11	95	43	33	45	71	61;I1503	63	97	74	30	43	33	45	71	61;I1201	63	97	74	30	13	72	99	11	104	72	26	82	72	30	43	33	45	71	59	72	36	72	68	63	97	74	59	68	30	78	51	48	100	43	33	45	71	59	5;T0303	63	93	36	73	93	59	9	46	73	72	68	72	10	43	33	45	45	71	59	72	84	72	6;T0701	73	63	73	96	59	59	48	100	43	33	45	71	59	5;T0302	63	93	36	73	93	59	75	9	43	33	45	71	6;T0420	73	63	73	45	75	41	33	42	71	37	63	49	40	50	52	65;P1106

# route C5PA: 266 operations
102	31	15	72	23	72	99	43	33	45	71	69	73	72	62;I2321	91	97	74	31	16	72	81	86	74	72	30	62;I2135	31	17	72	81	31	15	72	22	72	23	72	99	43	33	45	71	59	6;T0408	73	72	63	97	74	59	94	31	16	72	57	36	73	31	17	72	81	72	31	18	95	62;I2112	43	33	45	71	62;I2106	91	97	74	57	31	18	95	22	72	25	82	88	94	30	13	95	99	43	33	45	71	59	67	73	32	53	74	59	62;I2199	43	33	45	71	62;I2355	63	97	74	30	11	95	13	72	99	21	72	6;T0422	72	63	30	11	95	43	33	45	71	61;I1532	63	97	74	43	33	45	71	61;I1201	63	97	74	30	13	95	99	22	72	61;I1343	43	33	45	71	47	59	61;I1333	63	97	74	94	30	11	95	82	43	33	45	71	59	67	73	53	74	59	30	104	72	26	82	72	30	43	33	45	71	59	72	36	72	68	63	97	74	59	68	30	78	51	48	100	43	33	45	71	59	5;T0303	63	93	36	73	93	59	9	75	46	73	72	68	72	10	43	33	45	45	71	59	72	84	72	6;T0701	73	63	73	96	59	59	48	100	43	33	45	71	59	5;T0302	63	93	36	73	93	59	75	9	43	33	45	71	6;T0420	73	63	73	45	75	43	49	40	50	87	60	65;P1106

# route C6N2: 252 operations
102	31	15	72	23	72	43	34	45	71	69	73	72	62;I2321	63	97	74	31	16	72	81	86	31	62;I2060	31	17	72	81	31	15	72	22	72	23	72	43	34	45	71	59	6;T0415	73	72	63	97	74	59	94	31	16	72	57	36	73	62;I2036	31	17	72	81	72	31	18	95	62;I2901	62;I2036	91	97	74	43	34	45	71	57	31	18	95	22	72	25	82	88	94	30	13	72	78	43	34	45	71	59	67	63	53	74	67	73	63	53	59	30	13	72	72	6;T0435	72	63	30	11	95	43	34	45	71	62;I2334	63	97	74	43	34	45	71	61;I1335	63	97	74	54	30	13	72	72	6;T0436	72	63	30	13	95	43	34	45	71	61;I1519	63	97	74	54	32	30	11	43	34	45	71	62;I2062	61;I1138	63	97	74	94	30	104	72	28	72	89	72	63	102	30	43	34	45	71	59	68	96	73	53	59	68	93	78	93	48	43	34	45	71	59	93	96	63	73	59	9	46	73	72	68	72	10	43	34	45	71	59	6;T0708	73	6;T0517	96	59	59	93	48	43	34	45	71	59	93	96	63	73	59	9	43	35	45	71	6;T0420	73	6;T0517	96	75	43	49	40	50	87	65;P1101	65;P1102	65;P1103	3	3	48	48	72	48	72	41	90	90

# route C6N3: 287 operations
102	31	15	72	23	72	43	34	45	71	69	73	72	62;I2321	63	97	74	31	16	72	81	86	31	62;I2060	31	17	72	81	31	15	72	22	72	23	72	43	34	45	71	59	6;T0415	73	72	63	97	74	59	94	31	16	72	57	36	73	62;I2036	31	17	72	81	72	31	18	95	62;I2901	62;I2036	91	97	74	43	34	45	71	57	31	18	95	22	72	25	82	88	94	30	13	72	78	43	34	45	71	59	67	63	53	74	67	73	63	53	59	30	13	72	72	6;T0435	72	63	30	11	95	43	34	45	71	62;I2334	63	97	74	43	34	45	71	61;I1335	63	97	74	54	30	13	72	72	6;T0436	72	63	30	13	95	43	34	45	71	61;I1519	63	97	74	54	32	30	11	43	34	45	71	62;I2062	61;I1138	63	97	74	94	30	104	72	28	72	89	72	63	102	30	43	34	45	71	59	68	96	73	53	59	68	93	78	93	48	43	34	45	71	59	93	96	63	73	59	9	46	73	72	68	72	10	43	34	45	71	59	6;T0708	73	6;T0517	96	59	59	93	48	43	34	45	71	59	93	96	63	73	59	9	46	73	72	68	72	10	43	34	45	71	59	6;T0708	73	6;T0517	96	59	59	93	48	43	34	45	71	59	93	96	63	73	59	9	43	35	45	71	6;T0420	73	6;T0517	96	75	43	49	40	50	87	65;P1101	65;P1102	65;P1103	3	3	3	48	48	48	72	48	72	48	72	41	90	90	90

# route OX2: 247 operations
102	31	19	72	43	33	45	71	80	91	97	74	31	15	95	61;I1601	83	30	20	72	81	31	4	85	31	14	72	23	72	43	33	45	71	59	69	73	72	91	97	74	81	77	29	31	19	72	43	33	45	71	62;I2086	63	97	74	81	31	16	72	81	43	33	45	71	47	36	73	72	61;I1339	63	97	74	30	11	72	72	81	86	74	31	43	44	89	72	63	97	74	57	32	31	22	72	61;I1164	43	33	45	71	59	61;I1270	63	97	74	30	13	72	43	33	45	71	59	6;T0806	63	97	74	30	67	73	97	59	30	12	95	12	95	43	33	45	71	62;I2087	63	97	74	30	13	72	12	72	6;T0428	72	30	22	72	16	61;I1549	83	30	43	33	45	71	67	53	74	94	30	104	72	26	43	33	45	71	59	72	36	72	68	73	63	97	74	59	68	30	78	53	78	28	48	100	43	33	45	71	59	5;T0303	63	93	36	73	93	59	9	93	75	46	73	72	68	72	10	43	33	45	71	59	72	84	72	6;T0701	73	63	73	96	59	59	48	100	43	33	45	71	5;T0302	63	93	36	73	93	75	9	43	33	45	71	6;T0420	73	63	73	45	93	75	43	49	40	50	87	60	65;P1106

#
# processing times, batch id and max. batch size for each operation on a route
#

# route B5C
27.32	44.9;N0101;2	249.808;O1201;4	13.152	208.688;O5502;4	13.152	7.704	39.648	97.776	51.84	50.52	25.68	74.208	55.8	27.12	66.304	27.48	30.264	25.68	55.316	44.9;N0101;2	164.896;O1207;3	11.088	46.432	67.18;N0202;2	343.784;O3511;4	13.152	30.712	88.224	25.992	27.12	23.616	67.18;N0202;2	24.456	67.18;N0202;2	264.712;O3505;4	32.864	44.9;N0201;2	651.528	10.704	44.9;N0101;2	249.808;O1201;4	13.152	28.584	44.9;N0101;2	249.808;O1201;4	11.088	208.688;O5502;4	13.152	7.704	39.648	97.776	51.84	50.52	25.68	74.208	55.8	27.12	24.456	66.304	27.48	30.264	25.68	67.18;N0102;2	453.784;O2201;4	13.152	27.508	88.224	25.992	27.12	44.9;N0201;2	39.648	97.776	51.84	50.52	24.456	66.304	27.48	30.264	117.316;N0105;2	370.664;O3201;4	13.152	45.704	44.9;N0101;2	249.808;O1201;4	13.152	198.752;O5104;3	13.152	233.592;O5501;4	13.152	7.704	39.648	97.776	51.84	50.52	25.68	55.512	55.8	23.616	37.008	27.48	30.264	25.68	208.752	44.9;N0101;2	503.76;O2203;4	13.152	39.272	97.2	45.072	44.9;N0101;2	39.648	97.776	51.84	50.52	129.192	56.728	54.84	27.48	30.264	117.316;N0205;2	431.856;O3202;4	13.152	30.076	27.12	44.9;N0101;2	194.88;O3102;4	180.848;O1203;3	11.088	24.456	39.648	97.776	51.84	50.52	24.456	44.9;N0101;2	66.304	27.48	30.264	39.272	44.9;N0101;2	180.848;O1203;3	11.088	228.728;O5102;3	13.152	220.416;O4101;2	29.456	11.448	54.24	44.9;N0201;2	260.008;O6102;4	11.088	7.704	39.648	97.776	51.84	50.52	25.68	102.192	55.8	22.896	37.008	87.692;N1002;4	30.264	25.68	55.824	39.648	97.776	51.84	50.52	55.824	37.008	27.48	30.264	67.18;N0202;2	181.872;O1204;3	11.088	357.008;O6135;4	13.152	7.704	144.76;O3305;4	27.12	56.28	27.12	46.824	67.18;N0202;2	145.04;O1110;3	11.088	39.648	97.776	51.84	50.52	25.68	44.488	103.392	27.48	30.264	39.648	97.776	51.84	50.52	25.68	54.452	101.184	27.48	30.264	67.18;N0202;2	263.08;O6103;4	11.088	7.704	253.232;O5221;2	13.152	36.788	39.648	97.776	51.84	50.52	25.68	51.324	101.184	27.48	30.264	54.24	44.9;N0201;2	195.392;O3205;2	11.088	29.456	39.648	97.776	51.84	50.52	25.68	108.216	55.8	87.692;N1002;4	30.264	25.68	44.9;N0201;2	63.14	13.152	230.776;O3512;3	39.648	97.776	51.84	50.52	25.68	23.616	63.024	23.616	84.336	39.792	37.008	27.48	30.264	25.68	43.416	44.9;N0201;2	112.2	59.908	72.792	46.076	39.648	97.776	51.84	50.52	25.68	150.912	46.824	35.8	25.656	25.68	24.6	25.68	130.028;A0402;2	91.732;O3901;2	141.94;A5001;2	47.4	27.12	107.784	27.12	124.44;A0302;2	39.648	97.776	51.84	44.808	50.52	25.68	27.12	29.872	27.12	120.288	55.848	37.008	34.392	69.936	29.952	25.68	79.776	46.076	39.648	97.776	51.84	50.52	25.68	137.568	46.824	35.8	25.656	25.68	24.6	25.68	70.54;O3903;2	149.384;A0401;2	39.648	97.776	51.84	50.52	97.656	55.848	100.296	34.392	56.832	91.732;O3901;2	39.648	18.68	86.832	32.56	112.44	1469.52;P5001;18	293.536	1104

# route B6HF
27.32	44.9;N0101;2	311.928;O2401;4	13.152	39.648	76.416	51.84	50.52	25.68	40.168	66.304	27.48	30.264	25.68	67.18;N0102;2	164.896;O1207;3	11.088	47.888	67.18;N0202;2	408.784;O3601;4	13.152	45.704	67.18;N0102;2	523.536	10.704	67.18;N0102;2	249.808;O1201;4	13.152	39.648	76.416	51.84	50.52	25.68	24.456	44.328	27.48	30.264	67.18;N0202;2	312.952;O3602;4	13.152	28.584	44.9;N0201;2	249.808;O1201;4	13.152	198.752;O5104;3	13.152	233.592;O5501;4	13.152	39.648	76.416	51.84	50.52	25.68	55.512	55.8	13.152	44.328	27.48	30.264	25.68	208.752	44.9;N0101;2	503.76;O2203;4	13.152	39.272	97.2	45.072	13.152	44.9;N0101;2	209.712;O2104;4	13.152	30.076	13.152	44.9;N0101;2	164.896;O1207;3	11.088	39.648	76.416	51.84	50.52	129.192	25.68	59.98	54.84	27.48	30.264	67.18;N0202;2	234.592;O3510;4	34.992	11.088	11.088	67.18;N0102;2	187.6;XHLPL;2	11.088	11.088	11.088	253.368;O1307;2	11.088	214.2;O5620;2	11.088	39.648	76.416	51.84	50.52	25.68	56.4	11.088	44.328	87.692;N1002;4	30.264	30.712	13.152	11.088	67.18;N0202;2	253.232;O5221;2	13.152	42.36	67.18;N0202;2	39.648	76.416	51.84	50.52	25.68	86.484	44.328	27.48	30.264	67.18;N0202;2	191.832;O3503;4	11.088	342.104;O6130;4	13.152	39.648	76.416	51.84	50.52	25.68	75.192	44.328	27.48	30.264	44.9;N0201;2	68.664	50.156;N0601;4	25.68	44.9;N0201;2	112.616;O1502;4	11.088	11.088	11.088	80.64	44.9;N0201;2	39.648	76.416	51.84	50.52	25.68	38.436	55.824	126.072	66.304	27.48	30.264	44.9;N0201;2	39.648	76.416	51.84	50.52	25.68	32.84	66.304	27.48	30.264	44.9;N0201;2	83.2	44.9;N0201;2	30.712	11.088	11.088	44.9;N0201;2	266.152;O6104;4	11.088	110.736;O3603;4	165.664;O5503;4	11.088	271.856;O5225;2	13.152	37.296	44.9;N0201;2	88.776	11.088	44.9;N0201;2	27.508	44.9;N0201;2	105.36	11.088	44.9;N0201;2	55.316	11.088	11.088	30.712	227.6;XHLPL;2	13.152	48.856	44.9;N0201;2	39.648	76.416	51.84	50.52	44.808	25.68	117.504	13.152	44.328	87.692;N1002;4	30.264	25.68	44.9;N0201;2	160.392	13.152	124;XHLPL;2	13.152	144	13.152	49.632	83.2	27.32	44.9;N0201;2	39.648	99.792	51.84	48.504	25.68	13.152	94.92	39.792	13.152	13.152	44.328	27.48	47.4	25.68	66.864	24.6	113.976	35.8	66.576	39.648	99.792	51.84	48.504	25.68	24.6	69.936	55.08	25.68	25.68	147.048;A0208;2	141.94;A5001;2	47.4	27.12	110.736	27.12	124.44;A0302;2	13.152	24.6	91.732;O3901;2	39.648	99.792	51.84	48.504	25.68	135.072	55.848	64.704	69.936	29.952	25.68	35.8	72.216	39.648	99.792	51.84	48.504	25.68	24.6	69.936	55.08	25.68	25.68	147.048;A0208;2	141.94;A5001;2	47.4	27.12	104.376	27.12	124.44;A0302;2	13.152	39.648	99.792	51.84	50.52	25.68	135.072	55.848	64.704	69.936	29.952	25.68	35.8	72.216	39.648	99.792	51.84	50.52	25.68	24.6	69.936	55.08	25.68	25.68	70.54;O3903;2	149.384;A0401;2	39.648	76.416	51.84	50.52	97.656	55.848	64.704	69.936	91.732;O3901;2	39.648	18.68	108.232	32.56	112.44	598.536	254.616	268.368	268.368	61.8	13.152	111.48	61.8	13.152	111.48	61.8	13.152	138	46.824	11.088	144.192	124.2	139.2

# route C4PH
27.32	44.9;N0101;2	209.712;O2105;4	13.152	39.648	97.776	51.84	50.52	24.456	30.532	66.304	27.48	30.264	67.18;N0102;2	163.28;O1105;3	11.088	39.648	97.776	51.84	50.52	27.816	66.304	27.48	30.264	67.18;N0102;2	509.784;O3104;4	13.152	32.864	44.9;N0101;2	189.784;O2102;4	13.152	178.8;O5101;3	13.152	233.592;O5501;4	13.152	39.648	97.776	51.84	50.52	25.68	55.512	55.8	23.616	37.008	27.48	30.264	25.68	39.648	97.776	51.84	50.52	24.456	37.008	27.48	30.264	208.752	67.18;N0102;2	562.832;O2103;4	13.152	27.508	95.736	45.072	44.9;N0101;2	209.712;O2104;4	13.152	30.712	44.9;N0101;2	158.832;O1106;4	11.088	24.456	39.648	97.776	51.84	50.52	94.728	24.456	66.304	27.48	30.264	27.116	67.18;N0102;2	180.848;O1203;3	11.088	228.728;O5102;3	13.152	220.416;O4101;2	29.456	11.448	54.24	50.156;N0601;4	39.648	97.776	51.84	50.52	25.68	117.504	55.8	22.896	37.008	87.692;N1002;4	30.264	25.68	27.02	44.9;N0201;2	164.896;O1104;3	11.088	39.648	97.776	51.84	50.52	55.824	37.008	27.48	30.264	44.9;N0201;2	164.896;O1104;3	11.088	297.936;O6115;4	13.152	164.64;O3105;4	27.12	60.48	27.12	117.316;N0205;2	145.04;O1110;3	11.088	39.648	97.776	51.84	50.52	48.628	103.392	27.48	30.264	44.9;N0201;2	164.896;O1104;3	11.088	39.648	97.776	51.84	50.52	54.452	101.184	27.48	30.264	44.9;N0201;2	78.596	13.152	35.184	44.9;N0201;2	215.224;O4102;2	31.216	50.156;N0601;4	39.648	97.776	51.84	50.52	25.68	23.328	96.456	23.328	70.728	39.792	37.008	27.48	30.264	25.68	95.036;N0204;2	72.792	46.076	39.648	97.776	51.84	50.52	25.68	125.208	46.824	35.8	25.656	35.8	25.68	25.68	30.08	538.952;A0301;2	13.152	39.648	97.776	51.84	50.52	32.808	32.376	120.288	55.848	37.008	34.392	30.08	79.464	46.076	39.648	97.776	51.84	50.52	25.68	137.568	46.824	35.8	25.656	35.8	25.68	25.68	30.08	91.732;O3901;2	149.384;A0401;2	30.08	39.648	97.776	51.84	50.52	97.656	55.848	76.388;N7610;4	46.824	34.392	59.832	97.776	44.832	50.52	302.8	24.24	18.68	86.832	32.56	40.924;N7601;4	211.036

# route C5F
27.32	44.9;N0101;2	249.808;O1201;4	13.152	39.272	44.9;N0101;2	249.808;O1201;4	13.152	208.688;O5502;4	13.152	7.704	39.648	97.776	51.84	50.52	74.208	55.8	27.12	24.456	66.304	27.48	30.264	67.18;N0102;2	453.784;O2201;4	13.152	27.508	88.224	25.992	27.12	44.9;N0201;2	39.648	97.776	51.84	50.52	24.456	66.304	27.48	30.264	67.18;N0102;2	370.664;O3201;4	13.152	45.704	44.9;N0101;2	249.808;O1201;4	13.152	198.752;O5104;3	13.152	233.592;O5501;4	13.152	7.704	39.648	97.776	51.84	50.52	25.68	55.512	55.8	23.616	37.008	27.48	30.264	25.68	208.752	44.9;N0101;2	503.76;O2203;4	13.152	39.272	97.2	45.072	44.9;N0101;2	431.856;O3202;4	13.152	30.076	27.12	44.9;N0101;2	164.896;O1207;3	11.088	39.648	97.776	51.84	50.52	24.456	66.304	27.48	30.264	39.648	97.776	51.84	50.52	25.68	24.456	70.996;N1001;4	30.264	39.648	97.776	51.84	50.52	25.68	27.964	27.12	24.456	70.996;N1001;4	30.264	44.9;N0201;2	164.64;O3508;4	39.272	44.9;N0101;2	271.088;O1205;3	11.088	39.648	97.776	51.84	50.52	25.68	29.04	24.456	66.304	27.48	30.264	44.9;N0101;2	152.464;O1208;2	11.088	271.856;O5225;2	13.152	224.664	29.456	11.448	37.296	44.9;N0201;2	181.872;O1204;3	11.088	11.088	44.9;N0101;2	217.296;O5630;2	11.088	39.648	97.776	51.84	50.52	69.624	37.144	87.692;N1002;4	30.264	44.9;N0101;2	194.88;O3102;4	27.508	44.9;N0101;2	180.848;O1203;3	11.088	244.016;O5105;3	13.152	220.416;O4101;2	29.456	11.448	44.9;N0201;2	55.248	39.648	97.776	51.84	50.52	25.68	136.728	55.8	32.864	37.008	27.48	30.264	25.68	37.144	39.648	97.776	51.84	50.52	25.68	132.96	69.624	61.8	55.824	37.144	87.692;N1002;4	30.264	25.68	44.9;N0201;2	181.872;O1204;3	11.088	39.648	97.776	51.84	50.52	55.824	37.008	27.48	30.264	67.18;N0202;2	181.872;O1204;3	11.088	312.176;O6120;4	13.152	7.704	27.12	47.808	27.12	49.632	44.9;N0201;2	181.872;O1204;3	11.088	39.648	97.776	51.84	50.52	48.628	99.984	55.8	22.896	103.392	27.48	30.264	67.18;N0202;2	39.648	97.776	51.84	50.52	54.452	101.184	27.48	30.264	67.18;N0202;2	194.88;O3203;4	81.6	13.152	211.016;O3204;3	56.212	13.152	44.9;N0201;2	39.648	97.776	51.84	50.52	25.68	23.328	61.344	23.328	83.472	37.008	27.48	30.264	25.68	66.864	44.9;N0201;2	112.2	59.908	72.792	46.076	39.648	97.776	51.84	50.52	25.68	150.912	46.824	35.8	25.656	25.68	24.6	25.68	147.048;A0208;2	141.94;A5001;2	47.4	27.12	107.784	27.12	124.44;A0302;2	39.648	97.776	51.84	44.808	50.52	25.68	27.12	29.872	27.12	120.288	55.848	37.008	34.392	69.936	29.952	25.68	79.776	46.076	39.648	97.776	51.84	50.52	25.68	137.568	46.824	35.8	25.656	25.68	24.6	25.68	70.54;O3903;2	149.384;A0401;2	39.648	97.776	51.84	50.52	97.656	55.848	100.296	34.392	56.832	91.732;O3901;2	39.648	18.68	32.56	112.44	598.536	63.6	102.48	37.8

# route C5P
27.32	44.9;N0101;2	249.808;O1201;4	13.152	39.272	44.9;N0101;2	249.808;O1201;4	13.152	208.688;O5502;4	13.152	7.704	39.648	97.776	51.84	50.52	74.208	55.8	27.12	24.456	66.304	27.48	30.264	67.18;N0102;2	453.784;O2201;4	13.152	27.508	88.224	25.992	27.12	44.9;N0201;2	24.456	67.18;N0102;2	370.664;O3201;4	13.152	45.704	44.9;N0101;2	249.808;O1201;4	13.152	198.752;O5104;3	13.152	233.592;O5501;4	13.152	7.704	39.648	97.776	51.84	50.52	25.68	55.512	55.8	23.616	37.008	27.48	30.264	25.68	208.752	44.9;N0101;2	503.76;O2203;4	13.152	39.272	97.2	45.072	44.9;N0101;2	431.856;O3202;4	13.152	30.076	27.12	44.9;N0101;2	164.896;O1207;3	11.088	24.456	39.648	97.776	51.84	50.52	24.456	66.304	27.48	30.264	44.9;N0101;2	194.88;O3102;4	39.272	44.9;N0101;2	180.848;O1203;3	11.088	244.016;O5105;3	13.152	220.416;O4101;2	29.456	11.448	54.24	44.9;N0201;2	39.648	97.776	51.84	50.52	25.68	136.728	55.8	32.864	37.008	27.48	30.264	25.68	44.9;N0201;2	181.872;O1204;3	11.088	39.648	97.776	51.84	50.52	37.104	37.008	27.48	30.264	67.18;N0202;2	181.872;O1204;3	11.088	312.176;O6120;4	13.152	7.704	27.12	47.808	27.12	49.632	44.9;N0201;2	181.872;O1204;3	11.088	39.648	97.776	51.84	50.52	48.628	103.392	27.48	30.264	67.18;N0202;2	39.648	97.776	51.84	50.52	54.452	101.184	27.48	30.264	67.18;N0202;2	268.84;O6105;4	13.152	7.704	194.88;O3203;4	69.2	13.152	211.016;O3204;3	56.212	13.152	44.9;N0201;2	39.648	97.776	51.84	50.52	25.68	23.328	61.344	23.328	83.472	37.008	27.48	30.264	25.68	66.864	44.9;N0201;2	112.2	59.908	72.792	46.076	39.648	97.776	51.84	50.52	25.68	150.912	46.824	35.8	25.656	25.68	24.6	25.68	130.028;A0402;2	141.94;A5001;2	47.4	27.12	107.784	27.12	124.44;A0302;2	39.648	97.776	51.84	44.808	50.52	25.68	27.12	29.872	27.12	120.288	55.848	37.008	34.392	69.936	25.68	29.952	79.776	46.076	39.648	97.776	51.84	50.52	25.68	137.568	46.824	35.8	25.656	25.68	24.6	25.68	70.54;O3903;2	149.384;A0401;2	39.648	97.776	51.84	50.52	97.656	55.848	100.296	34.392	56.832	91.732;O3901;2	59.832	97.776	44.832	50.52	302.8	24.24	18.68	86.832	32.56	40.924;N7601;4	293.536

# route C5PA
27.32	44.9;N0101;2	249.808;O1201;4	13.152	208.688;O5502;4	13.152	7.704	39.648	97.776	51.84	50.52	74.208	55.8	27.12	24.456	66.304	27.48	30.264	67.18;N0102;2	453.784;O2201;4	13.152	27.508	88.224	25.992	27.12	44.9;N0201;2	24.456	67.18;N0102;2	370.664;O3201;4	13.152	45.704	44.9;N0101;2	249.808;O1201;4	13.152	198.752;O5104;3	13.152	233.592;O5501;4	13.152	7.704	39.648	97.776	51.84	50.52	25.68	55.512	55.8	23.616	37.008	27.48	30.264	25.68	208.752	44.9;N0101;2	503.76;O2203;4	13.152	39.272	97.2	45.072	44.9;N0101;2	431.856;O3202;4	13.152	30.076	27.12	44.9;N0101;2	180.848;O1203;3	11.088	24.456	39.648	97.776	51.84	50.52	24.456	66.304	27.48	30.264	39.272	44.9;N0101;2	180.848;O1203;3	11.088	228.728;O5102;3	13.152	220.416;O4101;2	29.456	11.448	54.24	44.9;N0201;2	260.008;O6102;4	11.088	7.704	39.648	97.776	51.84	50.52	25.68	102.192	55.8	22.896	87.692;N1002;4	30.264	25.68	55.824	39.648	97.776	51.84	50.52	55.824	37.008	27.48	30.264	67.18;N0202;2	181.872;O1204;3	11.088	357.008;O6135;4	13.152	7.704	144.76;O3305;4	27.12	56.28	27.12	46.824	67.18;N0202;2	145.04;O1110;3	11.088	39.648	97.776	51.84	50.52	47.592	103.392	27.48	30.264	39.648	97.776	51.84	50.52	54.452	101.184	27.48	30.264	67.18;N0202;2	263.08;O6103;4	11.088	7.704	253.232;O5221;2	13.152	36.788	39.648	97.776	51.84	50.52	129.192	25.68	51.324	114.888	27.48	30.264	54.24	44.9;N0201;2	195.392;O3205;2	11.088	29.456	39.648	97.776	51.84	50.52	25.68	108.216	37.8	87.692;N1002;4	30.264	25.68	44.9;N0201;2	81.6	13.152	211.016;O3204;3	56.212	13.152	44.9;N0201;2	39.648	97.776	51.84	50.52	25.68	23.328	61.344	23.328	83.472	37.008	27.48	30.264	25.68	66.864	44.9;N0201;2	112.2	59.908	72.792	46.076	39.648	97.776	51.84	50.52	25.68	150.912	46.824	35.8	25.656	25.68	24.6	25.68	130.028;A0402;2	91.732;O3901;2	141.94;A5001;2	47.4	27.12	107.784	27.12	124.44;A0302;2	39.648	97.776	51.84	44.808	50.52	25.68	27.12	29.872	27.12	120.288	55.848	37.008	34.392	69.936	29.952	25.68	79.776	46.076	39.648	97.776	51.84	50.52	25.68	137.568	46.824	35.8	25.656	25.68	24.6	25.68	70.54;O3903;2	149.384;A0401;2	39.648	97.776	51.84	50.52	97.656	55.848	100.296	34.392	56.832	91.732;O3901;2	39.648	18.68	86.832	32.56	112.44	1469.52;P5001;18	293.536

# route C6N2
27.32	44.9;N0101;2	249.808;O1201;4	13.152	208.688;O5502;4	13.152	39.648	99.792	51.84	50.52	74.208	55.8	27.12	24.456	37.008	27.48	30.264	67.18;N0102;2	365.616;O2503;4	13.152	27.508	88.224	44.9;N0101;2	24.456	67.18;N0102;2	370.664;O3201;4	13.152	45.704	44.9;N0101;2	249.808;O1201;4	13.152	178.8;O5101;3	13.152	208.688;O5502;4	13.152	39.648	99.792	51.84	50.52	25.68	52.416	55.8	23.616	37.008	27.48	30.264	25.68	126.096	44.9;N0101;2	397.904;O2502;4	13.152	39.272	74.328	45.072	24.456	44.9;N0101;2	431.856;O3202;4	13.152	30.076	27.12	44.9;N0101;2	164.896;O1207;3	11.088	94.728	24.456	66.304	27.48	30.264	39.648	99.792	51.84	50.52	39.272	44.9;N0101;2	195.232;O1504;3	11.088	228.728;O5102;3	13.152	240.696	29.456	11.448	54.24	44.9;N0201;2	268.84;O6105;4	13.152	94.872	39.648	99.792	51.84	50.52	25.68	90.672	37.008	87.692;N1002;4	30.264	114.672	55.8	46.824	87.692;N1002;4	25.68	44.9;N0201;2	272.912;O6106;4	13.152	27.12	52.392	27.12	49.632	44.9;N0201;2	145.04;O1110;3	11.088	39.648	99.792	51.84	50.52	55.824	37.008	27.48	30.264	39.648	99.792	51.84	50.52	36.32	37.008	27.48	30.264	28.584	44.9;N0201;2	283.104;O6110;4	13.152	27.12	61.152	27.12	49.632	44.9;N0201;2	260.008;O6102;4	11.088	39.648	99.792	51.84	50.52	47.296	103.392	27.48	30.264	28.584	22.896	44.9;N0201;2	194.88;O3203;4	39.648	99.792	51.84	50.52	55.824	58.82	101.184	27.48	30.264	35.184	44.9;N0201;2	160.392	13.152	84.856	13.152	144	13.152	49.632	27.32	44.9;N0201;2	39.648	99.792	51.84	50.52	25.68	85.584	71.512	47.4	70.996;N1001;4	25.68	66.864	24.6	113.976	35.8	66.576	39.648	99.792	51.84	50.52	25.68	24.6	69.936	55.08	25.68	25.68	130.028;A0402;2	141.94;A5001;2	47.4	27.12	110.736	27.12	124.44;A0302;2	39.648	99.792	51.84	50.52	25.68	135.072	55.848	64.704	69.936	29.952	25.68	35.8	72.216	39.648	99.792	51.84	50.52	25.68	24.6	69.936	55.08	25.68	25.68	149.384;A0401;2	39.648	76.416	51.84	50.52	97.656	55.848	64.704	69.936	91.732;O3901;2	39.648	18.68	86.832	32.56	112.44	598.536	598.536	598.536	254.616	268.368	111.48	61.8	13.152	61.8	13.152	138	124.2	124.2

# route C6N3
27.32	44.9;N0101;2	249.808;O1201;4	13.152	208.688;O5502;4	13.152	39.648	99.792	51.84	50.52	74.208	55.8	27.12	24.456	37.008	27.48	30.264	67.18;N0102;2	365.616;O2503;4	13.152	27.508	88.224	44.9;N0101;2	24.456	67.18;N0102;2	370.664;O3201;4	13.152	45.704	44.9;N0101;2	249.808;O1201;4	13.152	178.8;O5101;3	13.152	208.688;O5502;4	13.152	39.648	99.792	51.84	50.52	25.68	52.416	55.8	23.616	37.008	27.48	30.264	25.68	126.096	44.9;N0101;2	397.904;O2502;4	13.152	39.272	74.328	45.072	24.456	44.9;N0101;2	431.856;O3202;4	13.152	30.076	27.12	44.9;N0101;2	164.896;O1207;3	11.088	94.728	24.456	66.304	27.48	30.264	39.648	99.792	51.84	50.52	39.272	44.9;N0101;2	195.232;O1504;3	11.088	228.728;O5102;3	13.152	240.696	29.456	11.448	54.24	44.9;N0201;2	268.84;O6105;4	13.152	94.872	39.648	99.792	51.84	50.52	25.68	90.672	37.008	87.692;N1002;4	30.264	114.672	55.8	46.824	87.692;N1002;4	25.68	44.9;N0201;2	272.912;O6106;4	13.152	27.12	52.392	27.12	49.632	44.9;N0201;2	145.04;O1110;3	11.088	39.648	99.792	51.84	50.52	55.824	37.008	27.48	30.264	39.648	99.792	51.84	50.52	36.32	37.008	27.48	30.264	28.584	44.9;N0201;2	283.104;O6110;4	13.152	27.12	61.152	27.12	49.632	44.9;N0201;2	260.008;O6102;4	11.088	39.648	99.792	51.84	50.52	47.296	103.392	27.48	30.264	28.584	22.896	44.9;N0201;2	194.88;O3203;4	39.648	99.792	51.84	50.52	55.824	58.82	101.184	27.48	30.264	35.184	44.9;N0201;2	160.392	13.152	84.856	13.152	144	13.152	49.632	27.32	44.9;N0201;2	39.648	99.792	51.84	50.52	25.68	85.584	71.512	47.4	70.996;N1001;4	25.68	66.864	24.6	113.976	35.8	66.576	39.648	99.792	51.84	50.52	25.68	24.6	69.936	55.08	25.68	25.68	130.028;A0402;2	141.94;A5001;2	47.4	27.12	110.736	27.12	124.44;A0302;2	39.648	99.792	51.84	50.52	25.68	135.072	55.848	64.704	69.936	29.952	25.68	35.8	72.216	39.648	99.792	51.84	50.52	25.68	24.6	69.936	55.08	25.68	25.68	130.028;A0402;2	141.94;A5001;2	47.4	27.12	104.376	27.12	124.44;A0302;2	39.648	99.792	51.84	50.52	25.68	135.072	55.848	64.704	69.936	29.952	25.68	35.8	72.216	39.648	99.792	51.84	50.52	25.68	24.6	69.936	55.08	25.68	25.68	149.384;A0401;2	39.648	76.416	51.84	50.52	97.656	55.848	64.704	69.936	91.732;O3901;2	39.648	18.68	86.832	32.56	112.44	598.536	598.536	598.536	254.616	268.368	268.368	111.48	111.48	61.8	13.152	61.8	13.152	61.8	13.152	138	124.2	124.2	139.2

# route OX2
27.32	67.18;N0102;2	311.928;O2401;4	13.152	39.648	97.776	51.84	50.52	40.168	66.304	27.48	30.264	67.18;N0102;2	177.928;O1401;4	11.088	42.02	28.584	67.18;N0202;2	360.592;O3401;4	13.152	41.424	44.9;N0101;2	501.288	10.704	67.18;N0102;2	219.88;O1402;4	13.152	223.952;O5505;4	13.152	39.648	97.776	51.84	50.52	25.68	69.192	55.8	27.12	66.304	27.48	30.264	27.508	53.484	27.336	67.18;N0102;2	199.76;O2402;4	13.152	39.648	97.776	51.84	50.52	24.456	37.008	27.48	30.264	27.116	67.18;N0102;2	892.784;O2403;4	13.152	27.508	39.648	97.776	51.84	50.52	129.192	31.848	55.8	23.616	56.728	54.84	27.48	30.264	67.18;N0202;2	336.808;O1403;4	13.152	23.616	27.508	69.16	25.992	44.9;N0101;2	39.648	32.808	119.208	13.152	37.008	27.48	30.264	47.832	22.896	67.18;N0103;2	276;O5228;2	13.152	41.576	39.648	97.776	51.84	50.52	25.68	52.508	101.184	27.48	30.264	67.18;N0202;2	342.104;O6130;4	13.152	39.648	97.776	51.84	50.52	25.68	75.192	37.008	27.48	30.264	44.9;N0201;2	77.64	37.8	27.48	25.68	44.9;N0201;2	191.832;O3503;4	11.088	148.856;O1501;4	11.088	39.648	97.776	51.84	50.52	24.456	37.008	27.48	30.264	67.18;N0202;2	386.008;O6145;4	13.152	201.568;O3403;4	13.152	75.816	13.152	117.316;N0205;2	203.872;O5125;3	13.152	122.064;O1406;3	84.096	27.508	44.9;N0201;2	39.648	97.776	51.84	50.52	105.024	87.692;N1002;4	30.264	54.24	44.9;N0201;2	63.14	13.152	178.04;O3404;3	39.648	97.776	51.84	50.52	25.68	23.616	61.344	23.616	70.776	39.792	37.008	27.48	30.264	25.68	66.864	44.9;N0201;2	67.344	63.2	112.2	75.66	72.792	46.076	39.648	97.776	51.84	50.52	25.68	150.912	46.824	35.8	25.656	25.68	30.08	25.68	130.028;A0402;2	35.8	91.732;O3901;2	141.94;A5001;2	47.4	27.12	110.736	27.12	124.44;A0302;2	39.648	97.776	51.84	50.52	25.68	27.12	29.872	27.12	120.288	55.848	37.008	34.392	69.936	25.68	29.952	79.776	46.076	39.648	97.776	51.84	50.52	137.568	46.824	35.8	25.656	25.68	30.08	70.54;O3903;2	149.384;A0401;2	39.648	97.776	51.84	50.52	97.656	55.848	100.296	34.392	56.832	30.08	91.732;O3901;2	39.648	18.68	108.232	32.56	112.44	1469.52;P5001;18	293.536

#
# machine group configuration
#

# configuration for machine number 1
1

machineName
17000

numInGroup
10


# machine 2 starts here...
2
machineName
17900
numInGroup
10

3
machineName
A4A-WOLF/1+2
numInGroup
2

4
machineName
AMC-EPI 1+2
numInGroup
2

5
machineName
AME 1+3 AlSiCu
numInGroup
2

setup

# number of setup states (including DEF_SETUP) 
4

# setup from (row), into (col)
DEF_SETUP	x	90	90	90
T0301		90	x	90	90
T0302		90	90	x	90
T0303		90	90	90	x


6
machineName
AME 4+5+7+8
numInGroup
4
setup
21
DEF_SETUP	x	75	75	75	75	75	75	75	75	75	75	75	75	75	75	75	75	75	75	75	75
T0401		75	x	75	75	75	75	75	75	75	75	75	75	75	75	75	75	75	75	75	75	75
T0402		75	75	x	75	75	75	75	75	75	75	75	75	75	75	75	75	75	75	75	75	75
T0403		75	75	75	x	75	75	75	75	75	75	75	75	75	75	75	75	75	75	75	75	75
T0406		75	75	75	75	x	75	75	75	75	75	75	75	75	75	75	75	75	75	75	75	75
T0407		75	75	75	75	75	x	75	75	75	75	75	75	75	75	75	75	75	75	75	75	75
T0408		75	75	75	75	75	75	x	75	75	75	75	75	75	75	75	75	75	75	75	75	75
T0411		75	75	75	75	75	75	75	x	75	75	75	75	75	75	75	75	75	75	75	75	75
T0415		75	75	75	75	75	75	75	75	x	75	75	75	75	75	75	75	75	75	75	75	75
T0420		75	75	75	75	75	75	75	75	75	x	75	75	75	75	75	75	75	75	75	75	75
T0422		75	75	75	75	75	75	75	75	75	75	x	75	75	75	75	75	75	75	75	75	75
T0428		75	75	75	75	75	75	75	75	75	75	75	x	75	75	75	75	75	75	75	75	75
T0432		75	75	75	75	75	75	75	75	75	75	75	75	x	75	75	75	75	75	75	75	75
T0435		75	75	75	75	75	75	75	75	75	75	75	75	75	x	75	75	75	75	75	75	75
T0436		75	75	75	75	75	75	75	75	75	75	75	75	75	75	x	75	75	75	75	75	75
T0437		75	75	75	75	75	75	75	75	75	75	75	75	75	75	75	x	75	75	75	75	75
T0517		75	75	75	75	75	75	75	75	75	75	75	75	75	75	75	75	x	75	75	75	75
T0701		75	75	75	75	75	75	75	75	75	75	75	75	75	75	75	75	75	x	75	75	75
T0708		75	75	75	75	75	75	75	75	75	75	75	75	75	75	75	75	75	75	x	75	75
T0806		75	75	75	75	75	75	75	75	75	75	75	75	75	75	75	75	75	75	75	x	75
T0809		75	75	75	75	75	75	75	75	75	75	75	75	75	75	75	75	75	75	75	75	x

7
machineName
AME 5000 SACVD
numInGroup
1

8
machineName
AMT 5500 TiSi
numInGroup
1

9
machineName
AMT-PREC/7
numInGroup
2

10
machineName
AMT-PREC 1+3
numInGroup
2

11
machineName
ASM A1/A3/G1
numInGroup
3

12
machineName
ASM A2
numInGroup
1

13
machineName
ASM A4/G3/G4
numInGroup
3

14
machineName
ASM B1/H2
numInGroup
2

15
machineName
ASM B2
numInGroup
1

16
machineName
ASM B3/B4/D4
numInGroup
3

17
machineName
ASM C1/D1
numInGroup
2

18
machineName
ASM C2/H1
numInGroup
2

19
machineName
ASM C3
numInGroup
1

20
machineName
ASM C4
numInGroup
1

21
machineName
ASM D2
numInGroup
1

22
machineName
ASM E1/E2/H4
numInGroup
3

23
machineName
ASM E3/G2/H3
numInGroup
3

24
machineName
ASM E4
numInGroup
1

25
machineName
ASM F1/F2
numInGroup
2

26
machineName
ASM F4/D3
numInGroup
2	

27
machineName
ASM H3
numInGroup
1

28
machineName
AST 2000
numInGroup
1

29
machineName
ASTEP200/2
numInGroup
1

30
machineName
AUTO-CL dot
numInGroup
4

31
machineName
AUTO-CL undot
numInGroup
4

32
machineName
AUTO EL3
numInGroup
1

33
machineName
CAN 0.43/MII
numInGroup
7

34
machineName
CAN 0.52/i-line
numInGroup
2

35
machineName
CAN 0.55/MIV
numInGroup
4

36
machineName
CDE 8/1+2
numInGroup
2	

37
machineName
CLOVEN
numInGroup
1

38
machineName
CONVAC
numInGroup
1

39
machineName
DAMAGE
numInGroup
1

40
machineName
DISCO
numInGroup
2

41
machineName
DNS-1
numInGroup
1

42
machineName
DNS-2
numInGroup
1

43
machineName
DNS-3
numInGroup
6

44
machineName
DNS-HP
numInGroup
3

45
machineName
DNS-PUD
numInGroup
7

46
machineName
DNS-SOG_1
numInGroup
1	

47
machineName
DUV
numInGroup
1

48
machineName
ENDURA 1
numInGroup
2

49
machineName
F1
numInGroup
1

50
machineName
F2
numInGroup
1

51
machineName
FINESONIC
numInGroup
1

52
machineName
FSI/A1
numInGroup
1

53
machineName
FSI/S1+S2
numInGroup
2

54
machineName
HF-DIP-1/M
numInGroup
1

55
machineName
HF-DIP-2/L
numInGroup
1

56
machineName
HF-DIP-3/N
numInGroup
1	

57
machineName
HF-DIP-4/C
numInGroup
1

58
machineName
HF-DIP-5/B
numInGroup
1

59
machineName
HIT/S6000
numInGroup
3

60
machineName
HOTIN
numInGroup
2

61
machineName
IMP-HC 1+2
numInGroup
3
setup
25
DEF_SETUP	x	48	48	48	48	48	48	48	48	48	48	48	48	48	48	48	48	48	48	48	48	48	48	48	48
I1105		48	x	48	48	48	48	48	48	48	48	48	48	48	48	48	48	48	48	48	48	48	48	48	48	48
I1125		48	48	x	48	48	48	48	48	48	48	48	48	48	48	48	48	48	48	48	48	48	48	48	48	48
I1138		48	48	48	x	48	48	48	48	48	48	48	48	48	48	48	48	48	48	48	48	48	48	48	48	48
I1164		48	48	48	48	x	48	48	48	48	48	48	48	48	48	48	48	48	48	48	48	48	48	48	48	48
I1165		48	48	48	48	48	x	48	48	48	48	48	48	48	48	48	48	48	48	48	48	48	48	48	48	48
I1201		48	48	48	48	48	48	x	48	48	48	48	48	48	48	48	48	48	48	48	48	48	48	48	48	48
I1209		48	48	48	48	48	48	48	x	48	48	48	48	48	48	48	48	48	48	48	48	48	48	48	48	48
I1244		48	48	48	48	48	48	48	48	x	48	48	48	48	48	48	48	48	48	48	48	48	48	48	48	48
I1270		48	48	48	48	48	48	48	48	48	x	48	48	48	48	48	48	48	48	48	48	48	48	48	48	48
I1302		48	48	48	48	48	48	48	48	48	48	x	48	48	48	48	48	48	48	48	48	48	48	48	48	48
I1304		48	48	48	48	48	48	48	48	48	48	48	x	48	48	48	48	48	48	48	48	48	48	48	48	48
I1333		48	48	48	48	48	48	48	48	48	48	48	48	x	48	48	48	48	48	48	48	48	48	48	48	48
I1335		48	48	48	48	48	48	48	48	48	48	48	48	48	x	48	48	48	48	48	48	48	48	48	48	48
I1339		48	48	48	48	48	48	48	48	48	48	48	48	48	48	x	48	48	48	48	48	48	48	48	48	48
I1343		48	48	48	48	48	48	48	48	48	48	48	48	48	48	48	x	48	48	48	48	48	48	48	48	48
I1502		48	48	48	48	48	48	48	48	48	48	48	48	48	48	48	48	x	48	48	48	48	48	48	48	48
I1503		48	48	48	48	48	48	48	48	48	48	48	48	48	48	48	48	48	x	48	48	48	48	48	48	48
I1519		48	48	48	48	48	48	48	48	48	48	48	48	48	48	48	48	48	48	x	48	48	48	48	48	48
I1524		48	48	48	48	48	48	48	48	48	48	48	48	48	48	48	48	48	48	48	x	48	48	48	48	48
I1532		48	48	48	48	48	48	48	48	48	48	48	48	48	48	48	48	48	48	48	48	x	48	48	48	48
I1549		48	48	48	48	48	48	48	48	48	48	48	48	48	48	48	48	48	48	48	48	48	x	48	48	48
I1572		48	48	48	48	48	48	48	48	48	48	48	48	48	48	48	48	48	48	48	48	48	48	x	48	48
I1573		48	48	48	48	48	48	48	48	48	48	48	48	48	48	48	48	48	48	48	48	48	48	48	x	48
I1601		48	48	48	48	48	48	48	48	48	48	48	48	48	48	48	48	48	48	48	48	48	48	48	48	x

62
machineName
IMP-MC 1+2
numInGroup
2
setup
35
DEF_SETUP	x	18	18	18	18	18	18	18	18	18	18	18	18	18	18	18	18	18	18	18	18	18	18	18	18	18	18	18	18	18	18	18	18	18	18
I2002		18	x	18	18	18	18	18	18	18	18	18	18	18	18	18	18	18	18	18	18	18	18	18	18	18	18	18	18	18	18	18	18	18	18	18
I2019		18	18	x	18	18	18	18	18	18	18	18	18	18	18	18	18	18	18	18	18	18	18	18	18	18	18	18	18	18	18	18	18	18	18	18
I2036		18	18	18	x	18	18	18	18	18	18	18	18	18	18	18	18	18	18	18	18	18	18	18	18	18	18	18	18	18	18	18	18	18	18	18
I2042		18	18	18	18	x	18	18	18	18	18	18	18	18	18	18	18	18	18	18	18	18	18	18	18	18	18	18	18	18	18	18	18	18	18	18
I2060		18	18	18	18	18	x	18	18	18	18	18	18	18	18	18	18	18	18	18	18	18	18	18	18	18	18	18	18	18	18	18	18	18	18	18
I2062		18	18	18	18	18	18	x	18	18	18	18	18	18	18	18	18	18	18	18	18	18	18	18	18	18	18	18	18	18	18	18	18	18	18	18
I2078		18	18	18	18	18	18	18	x	18	18	18	18	18	18	18	18	18	18	18	18	18	18	18	18	18	18	18	18	18	18	18	18	18	18	18
I2084		18	18	18	18	18	18	18	18	x	18	18	18	18	18	18	18	18	18	18	18	18	18	18	18	18	18	18	18	18	18	18	18	18	18	18
I2086		18	18	18	18	18	18	18	18	18	x	18	18	18	18	18	18	18	18	18	18	18	18	18	18	18	18	18	18	18	18	18	18	18	18	18
I2087		18	18	18	18	18	18	18	18	18	18	x	18	18	18	18	18	18	18	18	18	18	18	18	18	18	18	18	18	18	18	18	18	18	18	18
I2103		18	18	18	18	18	18	18	18	18	18	18	x	18	18	18	18	18	18	18	18	18	18	18	18	18	18	18	18	18	18	18	18	18	18	18
I2106		18	18	18	18	18	18	18	18	18	18	18	18	x	18	18	18	18	18	18	18	18	18	18	18	18	18	18	18	18	18	18	18	18	18	18
I2109		18	18	18	18	18	18	18	18	18	18	18	18	18	x	18	18	18	18	18	18	18	18	18	18	18	18	18	18	18	18	18	18	18	18	18
I2112		18	18	18	18	18	18	18	18	18	18	18	18	18	18	x	18	18	18	18	18	18	18	18	18	18	18	18	18	18	18	18	18	18	18	18
I2113		18	18	18	18	18	18	18	18	18	18	18	18	18	18	18	x	18	18	18	18	18	18	18	18	18	18	18	18	18	18	18	18	18	18	18
I2135		18	18	18	18	18	18	18	18	18	18	18	18	18	18	18	18	x	18	18	18	18	18	18	18	18	18	18	18	18	18	18	18	18	18	18
I2145		18	18	18	18	18	18	18	18	18	18	18	18	18	18	18	18	18	x	18	18	18	18	18	18	18	18	18	18	18	18	18	18	18	18	18
I2170		18	18	18	18	18	18	18	18	18	18	18	18	18	18	18	18	18	18	x	18	18	18	18	18	18	18	18	18	18	18	18	18	18	18	18
I2172		18	18	18	18	18	18	18	18	18	18	18	18	18	18	18	18	18	18	18	x	18	18	18	18	18	18	18	18	18	18	18	18	18	18	18
I2179		18	18	18	18	18	18	18	18	18	18	18	18	18	18	18	18	18	18	18	18	x	18	18	18	18	18	18	18	18	18	18	18	18	18	18
I2199		18	18	18	18	18	18	18	18	18	18	18	18	18	18	18	18	18	18	18	18	18	x	18	18	18	18	18	18	18	18	18	18	18	18	18
I2303		18	18	18	18	18	18	18	18	18	18	18	18	18	18	18	18	18	18	18	18	18	18	x	18	18	18	18	18	18	18	18	18	18	18	18
I2321		18	18	18	18	18	18	18	18	18	18	18	18	18	18	18	18	18	18	18	18	18	18	18	x	18	18	18	18	18	18	18	18	18	18	18
I2334		18	18	18	18	18	18	18	18	18	18	18	18	18	18	18	18	18	18	18	18	18	18	18	18	x	18	18	18	18	18	18	18	18	18	18
I2336		18	18	18	18	18	18	18	18	18	18	18	18	18	18	18	18	18	18	18	18	18	18	18	18	18	x	18	18	18	18	18	18	18	18	18
I2346		18	18	18	18	18	18	18	18	18	18	18	18	18	18	18	18	18	18	18	18	18	18	18	18	18	18	x	18	18	18	18	18	18	18	18
I2355		18	18	18	18	18	18	18	18	18	18	18	18	18	18	18	18	18	18	18	18	18	18	18	18	18	18	18	x	18	18	18	18	18	18	18
I2371		18	18	18	18	18	18	18	18	18	18	18	18	18	18	18	18	18	18	18	18	18	18	18	18	18	18	18	18	x	18	18	18	18	18	18
I2392		18	18	18	18	18	18	18	18	18	18	18	18	18	18	18	18	18	18	18	18	18	18	18	18	18	18	18	18	18	x	18	18	18	18	18
I2401		18	18	18	18	18	18	18	18	18	18	18	18	18	18	18	18	18	18	18	18	18	18	18	18	18	18	18	18	18	18	x	18	18	18	18
I2436		18	18	18	18	18	18	18	18	18	18	18	18	18	18	18	18	18	18	18	18	18	18	18	18	18	18	18	18	18	18	18	x	18	18	18
I2733		18	18	18	18	18	18	18	18	18	18	18	18	18	18	18	18	18	18	18	18	18	18	18	18	18	18	18	18	18	18	18	18	x	18	18
I2736		18	18	18	18	18	18	18	18	18	18	18	18	18	18	18	18	18	18	18	18	18	18	18	18	18	18	18	18	18	18	18	18	18	x	18
I2901		18	18	18	18	18	18	18	18	18	18	18	18	18	18	18	18	18	18	18	18	18	18	18	18	18	18	18	18	18	18	18	18	18	18	x

63
machineName
IPC 3200
numInGroup
5

64
machineName
KEITH350
numInGroup
1
setup
2
DEF_SETUP	x	30
P1201		30	x

65
machineName
KEITH450 + 425
numInGroup
5
setup
5
DEF_SETUP	x	30	30	30	30
P1101		30	x	30	30	30
P1102		30	30	x	30	30
P1103		30	30	30	x	30
P1106		30	30	30	30	x

66
machineName
K-SMU236
numInGroup
1

67
machineName
LAM 4400 Poly
numInGroup
2

68
machineName
LAM 4500 Oxid
numInGroup
3

69
machineName
LAM 490B/1+2
numInGroup
2

70
machineName
LAM TCP
numInGroup
1

71
machineName
LTS 1
numInGroup
5

72
machineName
LTS 2
numInGroup
5

73
machineName
LTS 3
numInGroup
3

74
machineName
LZZZZ
numInGroup
2

75
machineName
MAX1+2 AL-TEMP
numInGroup
2

76
machineName
MICRO8/10/EPL1
numInGroup
3	

77
machineName
MOD.POLY A
numInGroup
1

78
machineName
MS6200/ET1
numInGroup
2

79
machineName
NF-1/D
numInGroup
1

80
machineName
NF-1INSI/H
numInGroup
1

81
machineName
NF-2
numInGroup
2

82
machineName
NF-3/E
numInGroup
1

83
machineName
NF-5/G
numInGroup
1

84
machineName
NF-VIA
numInGroup
1

85
machineName
NICOLET
numInGroup
1

86
machineName
NIT-ETCH
numInGroup
1	

87
machineName
NMP-B
numInGroup
1

88
machineName
OMNI RS 50
numInGroup
1

89
machineName
P5000-E/6B P
numInGroup
1

90
machineName
P5E_ALU1+2
numInGroup
2

91
machineName
POSI/GP
numInGroup
1

92
machineName
PROP/MET
numInGroup
1

93
machineName
RINS-DRY/1
numInGroup
1

94
machineName
RST100/1+2
numInGroup
2

95
machineName
RUD AUTOEL
numInGroup
3

96
machineName
S106/MET
numInGroup
1	

97
machineName
SH
numInGroup
2

98
machineName
SURF 1
numInGroup
1

99
machineName
SURF 2
numInGroup
2

100
machineName
ULVAC
numInGroup
1

101
machineName
Virtual
numInGroup
10

102
machineName
WAF-MA
numInGroup
2

103
machineName
WESTECH CMP
numInGroup
1

104
machineName
WJ 999
numInGroup
1

# job specifications, jobs have to be ordered by release date
#
#jobs
#
#number of jobs
#4
#
# <route number> <release date> <due date> <weight>
#1	0	12	2
#2	0	37	4
#3	0	21	2
#4	0	22	5

